                                                    2222222
                                             222222222    2
                                             2   22       2
                                  222222222222   22       2
                                  2        222            2
                                  2 22     22  22    d7   2
                                  2 22     22 2222        2     
                                  2222        2  22 2222222   
                                     2     2222 222 2222222
                                     2  f  2    2         2
                                     2222222    5 55 2222 2
                                                5 55 22 2 2
                                                5 222 2 2 2
                                                5     2 2 2
                                                225555222 2
                              233332222222222222       2  2
                              2        22      2       2  22
                              2    222     2   222  2222   2
                              2    22     d2     2  6  d   2
                              2    22  2255222   2  6  7   2
                              2  s 22222255222   2  6    222
                              222222    2   22   2 22    2
                                        2 4 22   2 2   222
                                        2        2 2   2
                                        2        2 2   22
                                        2222 22222 2    2
                                       22222 22222 2    2
                                       2         2228   2
                                       5     22         2
                                       5     22         2
                                       225552225522222222         